0.990407 	 0.331249 	 -0.527254 	 0.253944
0.990407 	 0.331249 	 0.016939 	 -0.166535
1.007346 	 0.164713 	 0.138148 	 0.671012
1.007346 	 0.164713 	 -0.544193 	 0.420479
1.007346 	 0.164713 	 -0.169444 	 0.435689
1.007346 	 0.164713 	 0.442365 	 0.522683
1.007346 	 0.164713 	 -0.016939 	 0.166535
1.134348 	 0.985564 	 -0.026140 	 -0.440527
1.134348 	 0.985564 	 -0.739744 	 0.159892
1.134348 	 0.985564 	 0.011146 	 -0.149838
0.463153 	 0.585193 	 0.544193 	 -0.420479
0.463153 	 0.585193 	 0.682341 	 0.250533
0.463153 	 0.585193 	 0.374749 	 0.015210
0.463153 	 0.585193 	 0.069223 	 0.533439
0.463153 	 0.585193 	 -0.126302 	 -0.312379
0.463153 	 0.585193 	 -0.380844 	 0.434638
0.463153 	 0.585193 	 0.527254 	 -0.253944
0.082309 	 1.019831 	 1.063185 	 -0.184105
0.082309 	 1.019831 	 0.312295 	 0.125625
0.082309 	 1.019831 	 0.302459 	 -0.234417
0.082309 	 1.019831 	 0.380844 	 -0.434638
0.384768 	 0.785414 	 0.760726 	 0.050312
0.384768 	 0.785414 	 0.009836 	 0.360042
0.384768 	 0.785414 	 0.453133 	 -0.185012
0.384768 	 0.785414 	 -0.189034 	 0.157406
0.384768 	 0.785414 	 -0.302459 	 0.234417
0.195734 	 0.942820 	 0.198870 	 0.202636
0.195734 	 0.942820 	 0.949760 	 -0.107094
0.195734 	 0.942820 	 0.336642 	 0.175812
0.195734 	 0.942820 	 0.009749 	 -0.105896
0.195734 	 0.942820 	 0.189034 	 -0.157406
0.205483 	 0.836924 	 -0.009749 	 0.105896
0.336851 	 0.272813 	 0.126302 	 0.312379
1.449711 	 0.687397 	 -0.304217 	 0.148329
1.449711 	 0.687397 	 -0.442365 	 -0.522683
0.532376 	 1.118631 	 -0.336642 	 -0.175812
0.532376 	 1.118631 	 -0.069223 	 -0.533439
1.145494 	 0.835726 	 -0.138148 	 -0.671012
1.145494 	 0.835726 	 -0.760726 	 -0.050312
1.145494 	 0.835726 	 -1.063185 	 0.184105
1.145494 	 0.835726 	 -0.682341 	 -0.250533
1.145494 	 0.835726 	 -0.307592 	 -0.235323
1.145494 	 0.835726 	 0.304217 	 -0.148329
1.145494 	 0.835726 	 -0.949760 	 0.107094
1.145494 	 0.835726 	 -0.011146 	 0.149838
0.394604 	 1.145456 	 -0.009836 	 -0.360042
0.394604 	 1.145456 	 -0.198870 	 -0.202636
0.394604 	 1.145456 	 -0.312295 	 -0.125625
0.394604 	 1.145456 	 0.739744 	 -0.159892
0.837902 	 0.600402 	 0.307592 	 0.235323
0.837902 	 0.600402 	 -0.453133 	 0.185012
0.837902 	 0.600402 	 -0.374749 	 -0.015210
0.837902 	 0.600402 	 0.169444 	 -0.435689
1.108208 	 0.545036 	 0.026140 	 0.440527
0.931682 	 3.978406 	 0.000110 	 0.013375
0.931682 	 3.978406 	 0.177079 	 -0.436994
0.931682 	 3.978406 	 0.032932 	 -0.540185
0.931682 	 3.978406 	 0.328998 	 -0.531615
0.435150 	 4.045921 	 0.464417 	 -1.016981
0.435150 	 4.045921 	 -0.333365 	 -0.600551
0.435150 	 4.045921 	 0.529464 	 -0.607700
0.435150 	 4.045921 	 -0.021301 	 0.141549
1.244406 	 4.375262 	 -1.142622 	 -0.929892
1.244406 	 4.375262 	 -0.279792 	 -0.937041
1.244406 	 4.375262 	 -0.344839 	 -1.346322
0.190687 	 3.297093 	 -0.088902 	 0.148277
0.190687 	 3.297093 	 0.267311 	 0.249452
0.190687 	 3.297093 	 1.069993 	 0.149698
0.413849 	 4.187471 	 0.021301 	 -0.141549
1.260680 	 3.446791 	 -0.019522 	 -0.334413
1.260680 	 3.446791 	 -0.031116 	 -0.358364
1.260680 	 3.446791 	 -0.296066 	 -0.008570
1.260680 	 3.446791 	 -1.069993 	 -0.149698
1.260680 	 3.446791 	 -0.328998 	 0.531615
0.457998 	 3.546545 	 0.441569 	 -0.517605
0.457998 	 3.546545 	 -0.356213 	 -0.101175
0.457998 	 3.546545 	 0.506616 	 -0.108324
0.457998 	 3.546545 	 -0.267311 	 -0.249452
0.964614 	 3.438221 	 0.279792 	 0.937041
0.964614 	 3.438221 	 -0.065047 	 -0.409281
0.964614 	 3.438221 	 0.332891 	 -0.272162
0.964614 	 3.438221 	 0.264949 	 -0.349794
0.964614 	 3.438221 	 0.144147 	 0.103190
0.964614 	 3.438221 	 -0.506616 	 0.108324
0.964614 	 3.438221 	 0.296066 	 0.008570
0.964614 	 3.438221 	 -0.529464 	 0.607700
0.964614 	 3.438221 	 -0.032932 	 0.540185
1.108761 	 3.541412 	 0.188744 	 -0.375352
1.108761 	 3.541412 	 0.132396 	 -0.429034
1.108761 	 3.541412 	 -0.144147 	 -0.103190
1.108761 	 3.541412 	 -0.177079 	 0.436994
1.318856 	 3.386785 	 -0.021351 	 -0.220726
1.318856 	 3.386785 	 -0.077699 	 -0.274407
0.931791 	 3.991781 	 -0.830007 	 -0.546410
0.931791 	 3.991781 	 -0.000110 	 -0.013375
0.101785 	 3.445370 	 0.797783 	 -0.416430
0.101785 	 3.445370 	 1.142622 	 0.929892
0.101785 	 3.445370 	 0.830007 	 0.546410
0.101785 	 3.445370 	 0.356213 	 0.101175
0.101785 	 3.445370 	 0.088902 	 -0.148277
0.101785 	 3.445370 	 0.333365 	 0.600551
0.899567 	 3.028940 	 -0.797783 	 0.416430
0.899567 	 3.028940 	 0.065047 	 0.409281
0.899567 	 3.028940 	 0.344839 	 1.346322
0.899567 	 3.028940 	 0.397938 	 0.137120
0.899567 	 3.028940 	 -0.441569 	 0.517605
0.899567 	 3.028940 	 -0.464417 	 1.016981
1.229563 	 3.088427 	 0.067942 	 0.077633
1.229563 	 3.088427 	 -0.264949 	 0.349794
1.229563 	 3.088427 	 0.031116 	 0.358364
1.241157 	 3.112378 	 0.077699 	 0.274407
1.241157 	 3.112378 	 -0.132396 	 0.429034
1.241157 	 3.112378 	 0.019522 	 0.334413
1.297505 	 3.166060 	 -0.067942 	 -0.077633
1.297505 	 3.166060 	 -0.397938 	 -0.137120
1.297505 	 3.166060 	 0.021351 	 0.220726
1.297505 	 3.166060 	 -0.188744 	 0.375352
1.297505 	 3.166060 	 -0.332891 	 0.272162
