



	 i = 0	 0.000000	 -4.564175	 0.000000	 0.000000	 2.852065	 0.000000	 0.000000	 0.000000	 0.000000	 0.000000	 0.000000	 0.000000	 0.000000	 0.000000	 0.000000	 0.000000	 0.000000	 0.000000	 0.000000	 0.000000	 0.000000	 0.000000	 0.000000	 0.000000	 0.000000	 0.000000	 0.000000	 0.000000	 0.000000	 0.000000	 0.000000	 0.000000
	 i = 1	 -4.564175	 0.000000	 0.000000	 0.000000	 10.000000	 0.000000	 0.000000	 0.000000	 0.000000	 0.000000	 2.360906	 0.000000	 9.498717	 0.000000	 -1.465915	 0.000000	 0.000000	 0.000000	 0.000000	 0.000000	 0.000000	 0.000000	 0.000000	 0.000000	 0.000000	 0.000000	 0.000000	 0.000000	 0.000000	 0.000000	 0.000000	 0.000000
	 i = 2	 0.000000	 0.000000	 0.000000	 0.000000	 0.000000	 0.000000	 0.000000	 0.000000	 0.000000	 0.000000	 0.000000	 0.000000	 -4.601489	 -2.021191	 0.000000	 -3.557091	 0.000000	 0.000000	 0.000000	 0.000000	 0.000000	 0.000000	 0.000000	 0.000000	 0.000000	 0.000000	 0.000000	 0.000000	 0.000000	 0.000000	 0.000000	 0.000000
	 i = 3	 0.000000	 0.000000	 0.000000	 0.000000	 0.000000	 0.000000	 0.000000	 0.000000	 0.000000	 0.000000	 0.000000	 0.000000	 0.000000	 0.000000	 0.000000	 0.000000	 0.000000	 0.000000	 0.000000	 0.000000	 0.000000	 0.000000	 0.000000	 0.000000	 0.000000	 0.000000	 0.000000	 0.000000	 0.000000	 0.000000	 0.000000	 0.000000
	 i = 4	 2.852065	 10.000000	 0.000000	 0.000000	 0.000000	 -2.740415	 0.000000	 0.000000	 0.000000	 4.016366	 0.000000	 3.087905	 -10.000000	 0.000000	 -3.142878	 0.000000	 0.000000	 0.000000	 0.000000	 0.000000	 0.000000	 0.000000	 0.000000	 0.000000	 0.000000	 0.000000	 0.000000	 -3.724342	 0.000000	 0.000000	 0.000000	 0.000000
	 i = 5	 0.000000	 0.000000	 0.000000	 0.000000	 -2.740415	 0.000000	 3.764346	 0.000000	 0.000000	 0.000000	 0.000000	 0.000000	 3.764835	 -4.182995	 0.000000	 0.000000	 0.000000	 0.000000	 0.000000	 0.000000	 0.000000	 0.000000	 0.000000	 0.000000	 0.000000	 0.000000	 0.000000	 0.000000	 -2.278852	 0.000000	 0.000000	 0.000000
	 i = 6	 0.000000	 0.000000	 0.000000	 0.000000	 0.000000	 3.764346	 0.000000	 -4.347750	 0.000000	 0.000000	 0.000000	 0.000000	 9.113554	 1.638402	 1.357539	 0.000000	 0.000000	 0.000000	 0.000000	 0.000000	 0.000000	 0.000000	 0.000000	 0.000000	 0.000000	 0.000000	 0.000000	 0.000000	 2.441866	 0.000000	 0.000000	 0.000000
	 i = 7	 0.000000	 0.000000	 0.000000	 0.000000	 0.000000	 0.000000	 -4.347750	 0.000000	 4.679663	 0.000000	 0.000000	 -3.836142	 -1.214368	 4.219025	 0.000000	 0.000000	 0.000000	 0.000000	 0.000000	 0.000000	 0.000000	 0.000000	 0.000000	 0.000000	 0.000000	 0.000000	 0.000000	 0.000000	 0.000000	 0.000000	 0.000000	 0.000000
	 i = 8	 0.000000	 0.000000	 0.000000	 0.000000	 0.000000	 0.000000	 0.000000	 4.679663	 0.000000	 0.000000	 0.000000	 0.000000	 0.000000	 0.000000	 0.000000	 0.000000	 0.000000	 0.000000	 0.000000	 0.000000	 0.000000	 0.000000	 0.000000	 0.000000	 0.000000	 0.000000	 0.000000	 0.000000	 0.000000	 0.000000	 0.000000	 0.000000
	 i = 9	 0.000000	 0.000000	 0.000000	 0.000000	 4.016366	 0.000000	 0.000000	 0.000000	 0.000000	 0.000000	 0.000000	 0.000000	 0.000000	 0.000000	 0.000000	 0.000000	 0.000000	 0.000000	 0.000000	 0.000000	 0.000000	 0.000000	 0.000000	 0.000000	 0.000000	 0.000000	 0.000000	 0.000000	 0.000000	 0.000000	 0.000000	 0.000000
	 i = 10	 0.000000	 2.360906	 0.000000	 0.000000	 0.000000	 0.000000	 0.000000	 0.000000	 0.000000	 0.000000	 0.000000	 0.000000	 -4.010268	 0.000000	 0.000000	 0.000000	 0.000000	 0.000000	 0.000000	 0.000000	 0.000000	 0.000000	 0.000000	 0.000000	 0.000000	 0.000000	 0.000000	 0.000000	 0.000000	 0.000000	 0.000000	 0.000000
	 i = 11	 0.000000	 0.000000	 0.000000	 0.000000	 3.087905	 0.000000	 0.000000	 -3.836142	 0.000000	 0.000000	 0.000000	 0.000000	 0.000000	 0.000000	 0.000000	 0.000000	 0.000000	 0.000000	 0.000000	 0.000000	 0.000000	 0.000000	 0.000000	 0.000000	 0.000000	 0.000000	 0.000000	 0.000000	 0.000000	 0.000000	 0.000000	 0.000000
	 i = 12	 0.000000	 9.498717	 -4.601489	 0.000000	 -10.000000	 3.764835	 9.113554	 -1.214368	 0.000000	 0.000000	 -4.010268	 0.000000	 0.000000	 0.000000	 3.535918	 0.000000	 0.000000	 0.000000	 0.000000	 0.000000	 0.000000	 0.000000	 0.000000	 0.000000	 0.000000	 0.000000	 0.000000	 0.000000	 1.810901	 0.000000	 0.000000	 0.000000
	 i = 13	 0.000000	 0.000000	 -2.021191	 0.000000	 0.000000	 -4.182995	 1.638402	 4.219025	 0.000000	 0.000000	 0.000000	 0.000000	 0.000000	 0.000000	 0.000000	 0.000000	 0.000000	 0.000000	 0.000000	 0.000000	 0.000000	 0.000000	 0.000000	 0.000000	 0.000000	 0.000000	 0.000000	 0.000000	 0.000000	 0.000000	 0.000000	 0.000000
	 i = 14	 0.000000	 -1.465915	 0.000000	 0.000000	 -3.142878	 0.000000	 1.357539	 0.000000	 0.000000	 0.000000	 0.000000	 0.000000	 3.535918	 0.000000	 0.000000	 0.000000	 0.000000	 0.000000	 0.000000	 0.000000	 0.000000	 0.000000	 0.000000	 0.000000	 0.000000	 0.000000	 0.000000	 0.000000	 0.000000	 0.000000	 0.000000	 0.000000
	 i = 15	 0.000000	 0.000000	 -3.557091	 0.000000	 0.000000	 0.000000	 0.000000	 0.000000	 0.000000	 0.000000	 0.000000	 0.000000	 0.000000	 0.000000	 0.000000	 0.000000	 0.000000	 0.000000	 0.000000	 0.000000	 0.000000	 0.000000	 0.000000	 0.000000	 0.000000	 0.000000	 0.000000	 0.000000	 0.000000	 0.000000	 0.000000	 0.000000
	 i = 16	 0.000000	 0.000000	 0.000000	 0.000000	 0.000000	 0.000000	 0.000000	 0.000000	 0.000000	 0.000000	 0.000000	 0.000000	 0.000000	 0.000000	 0.000000	 0.000000	 0.000000	 0.000000	 0.000000	 0.000000	 0.000000	 -2.653073	 0.000000	 3.071624	 3.413419	 0.000000	 -4.758194	 0.000000	 0.000000	 0.000000	 0.000000	 0.000000
	 i = 17	 0.000000	 0.000000	 0.000000	 0.000000	 0.000000	 0.000000	 0.000000	 0.000000	 0.000000	 0.000000	 0.000000	 0.000000	 0.000000	 0.000000	 0.000000	 0.000000	 0.000000	 0.000000	 0.000000	 0.000000	 -5.103932	 0.000000	 0.000000	 -5.021057	 0.000000	 0.000000	 0.000000	 2.111369	 -0.278894	 0.000000	 0.000000	 0.000000
	 i = 18	 0.000000	 0.000000	 0.000000	 0.000000	 0.000000	 0.000000	 0.000000	 0.000000	 0.000000	 0.000000	 0.000000	 0.000000	 0.000000	 0.000000	 0.000000	 0.000000	 0.000000	 0.000000	 0.000000	 0.000000	 0.000000	 0.000000	 0.000000	 -1.131654	 0.000000	 0.000000	 0.000000	 -6.984174	 -4.734075	 0.000000	 0.000000	 0.000000
	 i = 19	 0.000000	 0.000000	 0.000000	 0.000000	 0.000000	 0.000000	 0.000000	 0.000000	 0.000000	 0.000000	 0.000000	 0.000000	 0.000000	 0.000000	 0.000000	 0.000000	 0.000000	 0.000000	 0.000000	 0.000000	 0.000000	 0.830906	 3.897171	 0.000000	 0.000000	 0.000000	 0.000000	 -4.551440	 0.000000	 0.000000	 0.000000	 0.000000
	 i = 20	 0.000000	 0.000000	 0.000000	 0.000000	 0.000000	 0.000000	 0.000000	 0.000000	 0.000000	 0.000000	 0.000000	 0.000000	 0.000000	 0.000000	 0.000000	 0.000000	 0.000000	 -5.103932	 0.000000	 0.000000	 0.000000	 0.000000	 0.000000	 0.000000	 0.000000	 0.000000	 0.000000	 0.000000	 0.000000	 0.000000	 0.000000	 0.000000
	 i = 21	 0.000000	 0.000000	 0.000000	 0.000000	 0.000000	 0.000000	 0.000000	 0.000000	 0.000000	 0.000000	 0.000000	 0.000000	 0.000000	 0.000000	 0.000000	 0.000000	 -2.653073	 0.000000	 0.000000	 0.830906	 0.000000	 0.000000	 0.000000	 4.174362	 0.000000	 0.000000	 0.000000	 0.000000	 0.000000	 -3.922241	 -4.024299	 0.000000
	 i = 22	 0.000000	 0.000000	 0.000000	 0.000000	 0.000000	 0.000000	 0.000000	 0.000000	 0.000000	 0.000000	 0.000000	 0.000000	 0.000000	 0.000000	 0.000000	 0.000000	 0.000000	 0.000000	 0.000000	 3.897171	 0.000000	 0.000000	 0.000000	 -3.186186	 0.000000	 0.000000	 0.000000	 3.877161	 2.382131	 0.000000	 0.000000	 0.000000
	 i = 23	 0.000000	 0.000000	 0.000000	 0.000000	 0.000000	 0.000000	 0.000000	 0.000000	 0.000000	 0.000000	 0.000000	 0.000000	 0.000000	 0.000000	 0.000000	 0.000000	 3.071624	 -5.021057	 -1.131654	 0.000000	 0.000000	 4.174362	 -3.186186	 0.000000	 4.540992	 0.000000	 0.000000	 0.000000	 -7.565260	 -3.568776	 0.000000	 3.609917
	 i = 24	 0.000000	 0.000000	 0.000000	 0.000000	 0.000000	 0.000000	 0.000000	 0.000000	 0.000000	 0.000000	 0.000000	 0.000000	 0.000000	 0.000000	 0.000000	 0.000000	 3.413419	 0.000000	 0.000000	 0.000000	 0.000000	 0.000000	 0.000000	 4.540992	 0.000000	 0.000000	 0.000000	 0.000000	 0.000000	 0.000000	 3.520837	 3.655406
	 i = 25	 0.000000	 0.000000	 0.000000	 0.000000	 0.000000	 0.000000	 0.000000	 0.000000	 0.000000	 0.000000	 0.000000	 0.000000	 0.000000	 0.000000	 0.000000	 0.000000	 0.000000	 0.000000	 0.000000	 0.000000	 0.000000	 0.000000	 0.000000	 0.000000	 0.000000	 0.000000	 0.000000	 0.000000	 0.000000	 0.000000	 4.214449	 4.422064
	 i = 26	 0.000000	 0.000000	 0.000000	 0.000000	 0.000000	 0.000000	 0.000000	 0.000000	 0.000000	 0.000000	 0.000000	 0.000000	 0.000000	 0.000000	 0.000000	 0.000000	 -4.758194	 0.000000	 0.000000	 0.000000	 0.000000	 0.000000	 0.000000	 0.000000	 0.000000	 0.000000	 0.000000	 1.087228	 0.000000	 0.000000	 0.000000	 0.000000
	 i = 27	 0.000000	 0.000000	 0.000000	 0.000000	 -3.724342	 0.000000	 0.000000	 0.000000	 0.000000	 0.000000	 0.000000	 0.000000	 0.000000	 0.000000	 0.000000	 0.000000	 0.000000	 2.111369	 -6.984174	 -4.551440	 0.000000	 0.000000	 3.877161	 0.000000	 0.000000	 0.000000	 1.087228	 0.000000	 10.000000	 0.000000	 0.000000	 0.000000
	 i = 28	 0.000000	 0.000000	 0.000000	 0.000000	 0.000000	 -2.278852	 2.441866	 0.000000	 0.000000	 0.000000	 0.000000	 0.000000	 1.810901	 0.000000	 0.000000	 0.000000	 0.000000	 -0.278894	 -4.734075	 0.000000	 0.000000	 0.000000	 2.382131	 -7.565260	 0.000000	 0.000000	 0.000000	 10.000000	 0.000000	 0.000000	 0.000000	 -3.651894
	 i = 29	 0.000000	 0.000000	 0.000000	 0.000000	 0.000000	 0.000000	 0.000000	 0.000000	 0.000000	 0.000000	 0.000000	 0.000000	 0.000000	 0.000000	 0.000000	 0.000000	 0.000000	 0.000000	 0.000000	 0.000000	 0.000000	 -3.922241	 0.000000	 -3.568776	 0.000000	 0.000000	 0.000000	 0.000000	 0.000000	 0.000000	 0.000000	 -4.684326
	 i = 30	 0.000000	 0.000000	 0.000000	 0.000000	 0.000000	 0.000000	 0.000000	 0.000000	 0.000000	 0.000000	 0.000000	 0.000000	 0.000000	 0.000000	 0.000000	 0.000000	 0.000000	 0.000000	 0.000000	 0.000000	 0.000000	 -4.024299	 0.000000	 0.000000	 3.520837	 4.214449	 0.000000	 0.000000	 0.000000	 0.000000	 0.000000	 0.000000
	 i = 31	 0.000000	 0.000000	 0.000000	 0.000000	 0.000000	 0.000000	 0.000000	 0.000000	 0.000000	 0.000000	 0.000000	 0.000000	 0.000000	 0.000000	 0.000000	 0.000000	 0.000000	 0.000000	 0.000000	 0.000000	 0.000000	 0.000000	 0.000000	 3.609917	 3.655406	 4.422064	 0.000000	 0.000000	 -3.651894	 -4.684326	 0.000000	 0.000000